3354311076
3462297724
35365485
2548285727
460535405
1258006061
2100647142
4169669489
4207879509
49436128
4002390114
2596172432
620150425
836476960
4082991910
2911424326
1678719225
1095416871
1743847334
2102628369
3454984128
3751947677
57922468
768479123
3378306077
3429077817
3761144659
2085323576
2908618053
3339483741
66572328
1965043378
3077233265
3614845260
62729921
672002248
2657478192
950604375
3863656345
395234291
959436434
1976946990
2135078800
1445647401
1246047130
239116473
3394366791
661573328
3159852269
4174948802
4241108186
4293545540
3443438324
2105482470
2901460794
3033491674
4048275041
16069097
211361665
443033585
3347841610
74965073
1144492162
1926624499
525106793
529982634
3209398482
3037323102
1816933295
1312039270
3275626818
1702987324
308743096
1630531733
345397169
2070551
80397646
3428682449
3051152400
1496562706
613078754
3437674211
3499504720
4240012550
4046046428
2371353428
3651158751
63533178
1001079351
2543362083
154303635
1480836757
251603159
1274417976
2190237466
4094120019
3511519249
4293872002
3016269066
1137556455
3410035269
1221596036
2563228180
2446042734
846690245
3415332208
3119539831
2579806671
2242005411
3887210554
1016530165
1292095684
1106537288
3931880231
940916176
390971880
3521195666
647324718
875688583
3734322171
1426013959
448428540
3804585451
2163600483
3119684282
732474200
1122815544
3917792887
374703466
1972744776
997721274
1044151695
3252214271
932070005
70862943
874455866
3238894928
2865514559
1278109109
45907436
933891418
1524725805
2229633487
2385338192
1554778933
2797271819
2309296728
3511462911
3672998570
2646922530
1247929522
1359458106
1052521272
1531346687
1433159673
158416590
3805314560
2167646409
1831647776
1193498393
646935563
3427523627
4063498548
7451773
944895669
2016673496
3646355398
641181006
2473716763
2602210863
2057336667
3002067821
1349328635
2236362805
2554360564
1005232379
383405639
156336483
1408941522
340421664
1321073876
94794054
2479322296
934916491
1817811769
3946697200
3735734644
836650093
2145091660
2389883271
799583654
3694798267
877188228
303409684
3937427903
711275310
175097126
4218408454
2853743718
2499788242
841071162
1670506068
1220189063
1240769146
4119163439
3750473705
2939653126
961077485
2667717709
488583113
3970259095
974176777
1296629837
3136295992
1675170194
2098686800
3049790282
2650950712
3649655550
3077070575
2679624313
525049462
3553631825
3413294380
2060846430
3537975372
3119281284
238947236
3442606225
4287600495
3881204428
3900353085
3295766421
3876984707
1783371194
191267138
2947019708
1613359046
739815848
2157316218
237289937
2974555090
3386741630
2401610482
1343009164
447010649
833455589
4151465831
175981753
3502592715
1602717756
1975492624
3839678533
3518822267
1047645473
1570739030
2923319345
4277153443
3296509368
2666596215
116815744
3522756066
1157118669
4190031497
764159897
2288392442
948771083
2145446746
1644818767
316411593
1024460559
3925315165
1668481527
1074546183
665890683
2171957740
3402759845
3408042820
1736785571
556334051
1301236177
3399978425
3915731401
1773004378
3906959036
551281560
1039964423
4169766978
114313465
1264170786
3415464886
3652921371
3857613475
3577812175
1238967012
3313232362
93947102
2008016344
1787747702
3296836718
1836530576
3783635272
3690094453
4120620599
2530551438
1550568003
3334306831
1058421486
1869725114
3915775722
2561232505
3829916603
3209856203
2036019361
1863913712
2996513770
73655318
520647073
3023081448
215864501
2141110275
3568152404
3464957155
3946529246
4075876406
2165778031
3401222384
1061940298
281638046
3367148236
3161420167
481892592
162955015
3668728179
1011398797
442336617
4059500822
3935908247
259209562
2521293647
3434125130
2233641329
2354789752
2157978127
2234402376
2163117524
3825280958
3863165637
3833534764
1424012301
3430918243
3512643561
186791905
1602964281
3289908929
1405761057
558724263
651159423
4270369251
2948847046
4267154941
1647516678
2697936983
2577311270
2403652607
3471136841
3769854866
1970980251
512503758
3491940833
1421304319
50874462
548155919
1413242972
1193090597
749814737
2302983125
274751458
778877050
3501358758
3496728821
3672924950
1023140545
78919091
611806268
3816771717
1786313113
238957212
1925985933
171864236
1874821356
3738521881
1002372420
3447946853
967106435
123902230
1098831186
2755647193
2675336141
667239928
253825645
279185941
269530785
1552901325
349537111
546449135
1996476821
1433991949
661282215
871233933
1386152044
4251321133
1132002653
3464986590
3850081836
3815532103
3369295473
50601425
3806192107
260621543
2967728456
285868424
777874484
2070414164
1652594360
1739265108
1817115464
3912419369
1985437764
3865619598
2603377595
13932986
1281460029
4031959240
848464974
3797985382
1786168441
486634383
3268749423
409094388
1684724970
2612211659
688076474
3067058029
391906148
1675685184
3635541715
1413922776
1039137633
2762906162
2367790308
2407654295
3509512243
866840433
3047149804
1101435522
943346751
2802954584
1705831095
411221161
2341214705
4272460857
2803612721
2408518224
2038738141
1893529473
2897830206
3255681553
1957367606
260499140
918260681
1311193258
3583445398
3578450996
704104429
197037507
484980018
2993647833
776274938
1556763234
973062829
2236303010
2962853264
4133526263
2786763140
2379139638
3166876971
3422325020
949571373
4043555509
3513352989
3838188938
3283354994
2632450886
1728948307
776347571
2817362804
2980710324
1295602509
1075294611
2066918030
4165741240
220343558
1832371367
3316697014
2410013983
1254068243
3412699647
2336908805
1963406526
733600333
1029917092
1514924485
425029765
688158890
1727303094
162761016
214348862
2668047441
3644037591
55555138
3773874276
1975997288
504315866
1190028131
3963561709
1124203044
1735759151
1092397108
2803774944
1615418153
2894478464
1099137445
3020678590
2843502403
1563616057
4093866110
420454958
3043784041
559640585
2654080477
1449560297
1204316694
3973324400
1577828811
960962548
287380857
2778144288
3593332884
3315702329
1219471127
2730469832
232969918
977014872
650799878
100087279
2521484576
36271240
2260041648
1793453493
3867279427
3212129650
2306251630
817249979
3911731756
1080892763
2323500335
2303465485
3829358281
1248856496
2595950138
1084041008
1846281952
2327473841
365621544
1412800154
1234594171
2730642620
2538734393
1865841239
3023561316
347433246
1936862311
2138332597
2794301642
2112145788
3353003828
1280977123
2739990548
1193453274
1825611267
1687525875
1635326790
1478957113
4155167903
540435635
1542335905
1775338661
3224800501
2703400191
553614422
629147075
3445162707
1504123520
2738876608
520351911
3149943632
340139356
605408560
3575395976
3281465577
3883169113
657745730
1897745256
3637914128
3103712100
408930600
285227987
3584669614
3352889484
2266345608
1120464333
3874447512
99180753
